camera_matrix:
- - 587.5358836665227
  - 0.0
  - 245.451176937233
- - 0.0
  - 588.9124712895068
  - 236.70232963076626
- - 0.0
  - 0.0
  - 1.0
dist_coeff:
- - -0.23291194492444353
  - 0.41773029711184995
  - 0.014169185965030523
  - 0.008079301267952354
  - -0.40715714571756795
reprojection_error: 1.2730098540594792
